8 24 4
none elu elu
0.0 0.0 0.0 0.0 0.0 0.0 0.0 0.0 0.0 0.0 0.0 0.0 0.0 0.0 0.0 0.0 0.0 0.0 0.0 0.0 0.0 0.0 0.0 0.0
0.3558688551652841 0.5942672447681695 0.1901677918634576 -0.0003121612313323042 0.5002519793599947 0.7889499334979596 0.7631526840552061 0.12636380397109587 -0.4095737794437849 -0.4770722277249843 -0.19571974926057661 -0.29543555336401167 -0.6385819881731654 0.02386292040829045 -0.11434507420087267 -0.4206047112869938 0.5126454238228317 -0.38844067127519943 -0.20511109012118686 0.1278755031817975 0.40020970631235536 0.48300367158984203 -0.5633293683506 -0.8601393150319685
0.30521458628782516 -0.10473336651925692 -0.390404420188488 0.12863282102985418 -0.0016954893817771695 -0.5209088899801287 -0.04219539594371317 -0.47278127141905457 0.338931981046193 0.1234264313505544 -0.47946504969666537 -0.45713635857933616 0.13048765386172326 0.35412482300656795 -0.3145202886696023 0.0005154848620464606 -0.14519956728775868 -0.31550379258173716 0.2516767608219382 0.18314194010907564 -0.3204595834790136 0.28835768656228833 -0.5723189042663278 0.14687663285231786
-0.38128158895695663 -0.061371246118143014 -0.25859433278397226 0.19251395439642482 -0.2426309500346178 -0.7557152371386368 -0.057535835551927275 -0.01277614899060977 -0.1480502915455169 -0.285659842987276 0.23473885894154853 -0.5076601009545197 -0.614292895072459 0.2976343189103968 -0.36772094304267866 0.10795457867378366 0.4897179607344186 0.23431752540886538 -0.275784149090107 -0.35454475831650434 0.8259626887173803 0.03507690292114345 0.5717799955400616 0.2807151701984411
-0.12726871400299403 0.5247136774998202 0.0777630598454501 0.43000173177651896 0.24477555336306514 -0.24841867778535154 -0.23564395540198138 -0.20079410156926536 0.24691461922154156 0.20086486696745948 -0.13300960274030402 -0.011306932162121013 0.9550313305887707 -0.01831076389169773 -0.1627992536282243 0.5422992110218149 0.10799570397318975 -0.4241414549997187 0.21512751459131513 -0.13647662292901142 -0.3788682089843909 -0.3592595040925618 -0.3358100602485737 -0.44552199434601275
0.05774133968846661 0.020113219222499572 0.2951249293247594 -0.5628984693725937 -0.38700529335178857 0.20171609740425614 -0.43880742210219054 -0.03850561364890171 0.30223389645452226 0.09872345435715289 -0.26657883177706 0.3165686129703306 0.36509869002885537 -0.7241436766821792 0.23826842088743203 0.4268048538654266 0.23517363209676473 -0.12830347818859528 -0.21285794827240545 -0.21088294626801585 0.022178519862741806 -0.1827531454853993 0.38497963463396856 -0.2449177881359787
-0.47302613941562444 -0.8613217531074892 0.10505750526154113 -0.30559102368552815 0.10052966897506181 -0.11424725908976036 0.32734366960921785 0.8405937078055262 -0.10526844620951233 -0.13481496689577163 0.6017646341436955 -0.08842897004901683 0.6003928196135287 0.2678966579320804 -0.4293823676146822 -0.08547079346917613 0.05007921328666754 -0.7319233976276768 0.18427253664432422 0.44194648439698214 -0.020538764903299197 0.06327843782222625 0.7152727362489553 -0.36803589990776514
0.21056193314978636 -0.8316041147048906 0.06262419892803164 0.16461683961115017 0.25159437979164956 -0.13665187782421678 -0.15941199794232905 0.06576211617600106 0.016571742976570422 -0.193403615846511 -0.14440454377020423 -0.20378294713088535 0.2820080227733563 0.29191303252358974 -0.00670662868241335 -0.03769143041513231 -0.21425235552761104 0.11718313137855266 0.09022106032944924 -0.2652829508158222 0.03357261454295413 0.34216599172247847 0.5131459455065572 -0.058938852040464874
-0.6866139008938085 0.29393682231373924 0.3523753197199945 -0.4170239000137283 -0.12329652697341996 0.38361447188070313 -0.37760794667931646 -0.6037121534774265 -0.21616962744555704 0.15924249473858085 -0.753537523770568 0.3124557582222573 0.15406349845476594 -0.3351613954013252 -0.06709081929738457 -0.07596249878700322 -0.49793467866071134 -0.23697119736943004 -0.8726847775411288 0.056951438297300414 -0.39747325259818644 -0.11354133281543924 0.2291937069948054 -0.2918089301346202
0.0 0.0 0.0 0.0
-0.29455485805971304 -0.09246081669346365 0.0008137624457342328 -0.0018728424357872804
0.12552513437643387 0.11507133055140022 0.3627275303124936 0.22783798598468025
-0.09513869125556768 -0.13501659930052112 -0.29433995164551136 0.1399673280662164
-0.13461394619942246 0.19818281519001618 0.10171870412901102 -0.02344241367300972
0.007362516692134732 0.09877081130213762 -0.18064598889158792 0.29493606547304424
0.19217594189421297 0.027200377021444826 -0.13309802213797856 0.41490105395609933
0.016192673020385254 0.02348638252932047 0.1469352957266392 0.11270690994906708
-0.16387488126421704 0.07673857798629463 0.018962532889778404 -0.20266909488639365
0.15644557921868402 0.5315671656616494 0.10477005118195686 0.11908395916917772
-0.3173182410695974 0.1464051277246666 0.11292211434468621 0.16719772548792586
-0.06693757856905669 0.027772904235538947 0.22731413696540873 0.04659739127573083
-0.24908955024469745 0.18463678319105922 0.06556944292492817 -0.1469642641765055
0.1409305047107494 -0.3784772057586893 -0.0270325657374759 -0.0720509656781801
0.040000513861141 -0.07719044938680716 -0.1732091203623427 -0.0914878159453611
0.30604044505549777 0.3453100498155275 -0.3480612145869742 0.04347960936710078
-0.02031561214663999 -0.018647422383374156 -0.13092101663961703 0.10773358409729052
0.13257486686063438 0.08435251570099514 -0.010957579544170171 -0.14029624966849089
-0.4553130528085738 0.054074701949131616 0.08311015490773697 0.004567446639863906
0.021916073496557834 -0.1415568914269347 -0.011902184692642755 0.17498071170570464
-0.01939706109965316 0.23426519461506792 0.08000995905146935 -0.05993564151803799
0.3338591938236869 -0.3795498721592273 -0.030550549727947244 0.4422159454108065
-0.21815814760678606 -0.1339855749371885 -0.33069750766545364 -0.15657675359875411
0.07365768580557304 0.26598860422492054 0.03316624800129352 0.055839666166347564
0.14447793730255373 0.22034716631677093 -0.20781900419349808 0.05837133359753639
